%%new variables
pm =transpose([0.09 0.03 -0.04; 0.24 -0.03 0]);
pj = transpose([0 0 0; 0.1273 0.0320 0]);
%I(:,:,1) = [0.01 0 0; 0 0.02 0; 0 0 0.02];
I(:,:,1) = [0.01 0 0; 0 0.01 0;0 0 0.01];
%I(:,:,2) = [0.04 0.01 -0.01; 0.01 0.22 0;-0.01 0 0.23];
I(:,:,2) = [0.01 0 0; 0 0.01 0;0 0 0.01];
m = [3.45; 7.52];